0 160
2 158
4 157
6 156
8 155
10 154.5
12 153.5
14 152.5
16 151
18 149.5
20 148
22 146.5
24 144
26 142
28 141
30 138
32 136
34 133
36 129
38 126
40 122
42 117
44 111
46 105
48 100
50 94
52 88
54 83
56 78
58 73
60 69
62 65
64 61.5
66 57
68 53
70 50
72 47
74 44.5
76 42
78 40
80 38
82 36
84 34
86 32.5
88 31
90 30
92 28.5
94 27
96 26
98 25
100 24
102 23
104 22
106 21
108 20.5
110 19.5
112 19
114 18.5
116 18
118 17.5
120 17
122 16.5
124 16
126 16.5
128 16.5
130 17
132 17.5
134 18
136 19
138 19.5
140 20.5
142 21
144 22
146 23
148 24.5
150 26
152 27
154 28
156 30
158 31.5
160 33
162 34.5
164 36
166 37.5
168 38.5
170 39
172 40
174 40.5
176 41
178 41
180 40.5
182 40.5
184 40
186 39.5
188 39
190 38
192 37.5
194 36.5
196 35.5
198 35
200 33.5
202 32
204 31
206 30
208 29
210 27.5
212 26
214 25
216 23
218 22
220 20
222 19
224 18
226 16
228 14.5
230 13
232 11
234 10
236 9
238 8
240 7.5
242 7
244 6.5
246 7
248 7
250 7.5
252 8
254 9.5
256 12
258 17
260 30
262 47
264 76
266 94
268 103
270 109
272 115
274 120
276 124
278 130
280 135
282 141
284 148
286 158
287 163
